,id_central,central_nombre,fecha,hora,generacion,energia_ernc,tipo_central
3000,353,LA CHAPEANA,2017-08-01,1,0.0,0.0,Solar
3001,353,LA CHAPEANA,2017-08-01,2,0.0,0.0,Solar
3002,353,LA CHAPEANA,2017-08-01,3,0.0,0.0,Solar
3003,353,LA CHAPEANA,2017-08-01,4,0.0,0.0,Solar
3004,353,LA CHAPEANA,2017-08-01,5,0.0,0.0,Solar
3005,353,LA CHAPEANA,2017-08-01,6,0.0,0.0,Solar
3006,353,LA CHAPEANA,2017-08-01,7,0.0,0.0,Solar
3007,353,LA CHAPEANA,2017-08-01,8,0.0,0.0,Solar
3008,353,LA CHAPEANA,2017-08-01,9,0.004,0.004,Solar
3009,353,LA CHAPEANA,2017-08-01,10,0.34299999999999997,0.34299999999999997,Solar
3010,353,LA CHAPEANA,2017-08-01,11,1.808,1.808,Solar
3011,353,LA CHAPEANA,2017-08-01,12,0.9229999999999999,0.9229999999999999,Solar
3012,353,LA CHAPEANA,2017-08-01,13,0.469,0.469,Solar
3013,353,LA CHAPEANA,2017-08-01,14,0.344,0.344,Solar
3014,353,LA CHAPEANA,2017-08-01,15,0.324,0.324,Solar
3015,353,LA CHAPEANA,2017-08-01,16,1.195,1.195,Solar
3016,353,LA CHAPEANA,2017-08-01,17,0.413,0.413,Solar
3017,353,LA CHAPEANA,2017-08-01,18,0.124,0.124,Solar
3018,353,LA CHAPEANA,2017-08-01,19,0.055999999999999994,0.055999999999999994,Solar
3019,353,LA CHAPEANA,2017-08-01,20,0.002,0.002,Solar
3020,353,LA CHAPEANA,2017-08-01,21,0.0,0.0,Solar
3021,353,LA CHAPEANA,2017-08-01,22,0.0,0.0,Solar
3022,353,LA CHAPEANA,2017-08-01,23,0.0,0.0,Solar
3023,353,LA CHAPEANA,2017-08-01,24,0.0,0.0,Solar
15600,353,LA CHAPEANA,2017-08-02,1,0.0,0.0,Solar
15601,353,LA CHAPEANA,2017-08-02,2,0.0,0.0,Solar
15602,353,LA CHAPEANA,2017-08-02,3,0.0,0.0,Solar
15603,353,LA CHAPEANA,2017-08-02,4,0.0,0.0,Solar
15604,353,LA CHAPEANA,2017-08-02,5,0.0,0.0,Solar
15605,353,LA CHAPEANA,2017-08-02,6,0.0,0.0,Solar
15606,353,LA CHAPEANA,2017-08-02,7,0.0,0.0,Solar
15607,353,LA CHAPEANA,2017-08-02,8,0.0,0.0,Solar
15608,353,LA CHAPEANA,2017-08-02,9,0.0,0.0,Solar
15609,353,LA CHAPEANA,2017-08-02,10,0.0,0.0,Solar
15610,353,LA CHAPEANA,2017-08-02,11,0.0,0.0,Solar
15611,353,LA CHAPEANA,2017-08-02,12,0.0,0.0,Solar
15612,353,LA CHAPEANA,2017-08-02,13,0.0,0.0,Solar
15613,353,LA CHAPEANA,2017-08-02,14,1.78,1.78,Solar
15614,353,LA CHAPEANA,2017-08-02,15,1.776,1.776,Solar
15615,353,LA CHAPEANA,2017-08-02,16,1.835,1.835,Solar
15616,353,LA CHAPEANA,2017-08-02,17,1.893,1.893,Solar
15617,353,LA CHAPEANA,2017-08-02,18,1.61,1.61,Solar
15618,353,LA CHAPEANA,2017-08-02,19,0.45,0.45,Solar
15619,353,LA CHAPEANA,2017-08-02,20,0.0,0.0,Solar
15620,353,LA CHAPEANA,2017-08-02,21,0.0,0.0,Solar
15621,353,LA CHAPEANA,2017-08-02,22,0.0,0.0,Solar
15622,353,LA CHAPEANA,2017-08-02,23,0.0,0.0,Solar
15623,353,LA CHAPEANA,2017-08-02,24,0.0,0.0,Solar
26112,353,LA CHAPEANA,2017-08-03,1,0.0,0.0,Solar
26113,353,LA CHAPEANA,2017-08-03,2,0.0,0.0,Solar
26114,353,LA CHAPEANA,2017-08-03,3,0.0,0.0,Solar
26115,353,LA CHAPEANA,2017-08-03,4,0.0,0.0,Solar
26116,353,LA CHAPEANA,2017-08-03,5,0.0,0.0,Solar
26117,353,LA CHAPEANA,2017-08-03,6,0.0,0.0,Solar
26118,353,LA CHAPEANA,2017-08-03,7,0.0,0.0,Solar
26119,353,LA CHAPEANA,2017-08-03,8,0.0,0.0,Solar
26120,353,LA CHAPEANA,2017-08-03,9,0.003,0.003,Solar
26121,353,LA CHAPEANA,2017-08-03,10,0.493,0.493,Solar
26122,353,LA CHAPEANA,2017-08-03,11,1.4269999999999998,1.4269999999999998,Solar
26123,353,LA CHAPEANA,2017-08-03,12,0.43200000000000005,0.43200000000000005,Solar
26124,353,LA CHAPEANA,2017-08-03,13,0.884,0.884,Solar
26125,353,LA CHAPEANA,2017-08-03,14,1.739,1.739,Solar
26126,353,LA CHAPEANA,2017-08-03,15,1.661,1.661,Solar
26127,353,LA CHAPEANA,2017-08-03,16,0.514,0.514,Solar
26128,353,LA CHAPEANA,2017-08-03,17,0.0,0.0,Solar
26129,353,LA CHAPEANA,2017-08-03,18,0.0,0.0,Solar
26130,353,LA CHAPEANA,2017-08-03,19,0.0,0.0,Solar
26131,353,LA CHAPEANA,2017-08-03,20,0.0,0.0,Solar
26132,353,LA CHAPEANA,2017-08-03,21,0.0,0.0,Solar
26133,353,LA CHAPEANA,2017-08-03,22,0.0,0.0,Solar
26134,353,LA CHAPEANA,2017-08-03,23,0.0,0.0,Solar
26135,353,LA CHAPEANA,2017-08-03,24,0.0,0.0,Solar
32904,353,LA CHAPEANA,2017-08-04,1,0.0,0.0,Solar
32905,353,LA CHAPEANA,2017-08-04,2,0.0,0.0,Solar
32906,353,LA CHAPEANA,2017-08-04,3,0.0,0.0,Solar
32907,353,LA CHAPEANA,2017-08-04,4,0.0,0.0,Solar
32908,353,LA CHAPEANA,2017-08-04,5,0.0,0.0,Solar
32909,353,LA CHAPEANA,2017-08-04,6,0.0,0.0,Solar
32910,353,LA CHAPEANA,2017-08-04,7,0.0,0.0,Solar
32911,353,LA CHAPEANA,2017-08-04,8,0.011000000000000001,0.011000000000000001,Solar
32912,353,LA CHAPEANA,2017-08-04,9,0.17600000000000002,0.17600000000000002,Solar
32913,353,LA CHAPEANA,2017-08-04,10,0.28300000000000003,0.28300000000000003,Solar
32914,353,LA CHAPEANA,2017-08-04,11,0.498,0.498,Solar
32915,353,LA CHAPEANA,2017-08-04,12,1.011,1.011,Solar
32916,353,LA CHAPEANA,2017-08-04,13,1.8130000000000002,1.8130000000000002,Solar
32917,353,LA CHAPEANA,2017-08-04,14,1.797,1.797,Solar
32918,353,LA CHAPEANA,2017-08-04,15,1.869,1.869,Solar
32919,353,LA CHAPEANA,2017-08-04,16,1.909,1.909,Solar
32920,353,LA CHAPEANA,2017-08-04,17,1.608,1.608,Solar
32921,353,LA CHAPEANA,2017-08-04,18,0.444,0.444,Solar
32922,353,LA CHAPEANA,2017-08-04,19,0.002,0.002,Solar
32923,353,LA CHAPEANA,2017-08-04,20,0.0,0.0,Solar
32924,353,LA CHAPEANA,2017-08-04,21,0.0,0.0,Solar
32925,353,LA CHAPEANA,2017-08-04,22,0.0,0.0,Solar
32926,353,LA CHAPEANA,2017-08-04,23,0.0,0.0,Solar
32927,353,LA CHAPEANA,2017-08-04,24,0.0,0.0,Solar
39144,353,LA CHAPEANA,2017-08-05,1,0.0,0.0,Solar
39145,353,LA CHAPEANA,2017-08-05,2,0.0,0.0,Solar
39146,353,LA CHAPEANA,2017-08-05,3,0.0,0.0,Solar
39147,353,LA CHAPEANA,2017-08-05,4,0.0,0.0,Solar
39148,353,LA CHAPEANA,2017-08-05,5,0.0,0.0,Solar
39149,353,LA CHAPEANA,2017-08-05,6,0.0,0.0,Solar
39150,353,LA CHAPEANA,2017-08-05,7,0.0,0.0,Solar
39151,353,LA CHAPEANA,2017-08-05,8,0.002,0.002,Solar
39152,353,LA CHAPEANA,2017-08-05,9,0.084,0.084,Solar
39153,353,LA CHAPEANA,2017-08-05,10,0.387,0.387,Solar
39154,353,LA CHAPEANA,2017-08-05,11,1.2930000000000001,1.2930000000000001,Solar
39155,353,LA CHAPEANA,2017-08-05,12,1.751,1.751,Solar
39156,353,LA CHAPEANA,2017-08-05,13,1.806,1.806,Solar
39157,353,LA CHAPEANA,2017-08-05,14,1.804,1.804,Solar
39158,353,LA CHAPEANA,2017-08-05,15,1.889,1.889,Solar
39159,353,LA CHAPEANA,2017-08-05,16,1.929,1.929,Solar
39160,353,LA CHAPEANA,2017-08-05,17,1.633,1.633,Solar
39161,353,LA CHAPEANA,2017-08-05,18,0.46299999999999997,0.46299999999999997,Solar
39162,353,LA CHAPEANA,2017-08-05,19,0.002,0.002,Solar
39163,353,LA CHAPEANA,2017-08-05,20,0.0,0.0,Solar
39164,353,LA CHAPEANA,2017-08-05,21,0.0,0.0,Solar
39165,353,LA CHAPEANA,2017-08-05,22,0.0,0.0,Solar
39166,353,LA CHAPEANA,2017-08-05,23,0.0,0.0,Solar
39167,353,LA CHAPEANA,2017-08-05,24,0.0,0.0,Solar
49848,353,LA CHAPEANA,2017-08-06,1,0.0,0.0,Solar
49849,353,LA CHAPEANA,2017-08-06,2,0.0,0.0,Solar
49850,353,LA CHAPEANA,2017-08-06,3,0.0,0.0,Solar
49851,353,LA CHAPEANA,2017-08-06,4,0.0,0.0,Solar
49852,353,LA CHAPEANA,2017-08-06,5,0.0,0.0,Solar
49853,353,LA CHAPEANA,2017-08-06,6,0.0,0.0,Solar
49854,353,LA CHAPEANA,2017-08-06,7,0.0,0.0,Solar
49855,353,LA CHAPEANA,2017-08-06,8,0.008,0.008,Solar
49856,353,LA CHAPEANA,2017-08-06,9,0.884,0.884,Solar
49857,353,LA CHAPEANA,2017-08-06,10,1.879,1.879,Solar
49858,353,LA CHAPEANA,2017-08-06,11,1.9280000000000002,1.9280000000000002,Solar
49859,353,LA CHAPEANA,2017-08-06,12,1.797,1.797,Solar
49860,353,LA CHAPEANA,2017-08-06,13,1.4340000000000002,1.4340000000000002,Solar
49861,353,LA CHAPEANA,2017-08-06,14,1.364,1.364,Solar
49862,353,LA CHAPEANA,2017-08-06,15,1.379,1.379,Solar
49863,353,LA CHAPEANA,2017-08-06,16,1.814,1.814,Solar
49864,353,LA CHAPEANA,2017-08-06,17,1.692,1.692,Solar
49865,353,LA CHAPEANA,2017-08-06,18,0.496,0.496,Solar
49866,353,LA CHAPEANA,2017-08-06,19,0.002,0.002,Solar
49867,353,LA CHAPEANA,2017-08-06,20,0.0,0.0,Solar
49868,353,LA CHAPEANA,2017-08-06,21,0.0,0.0,Solar
49869,353,LA CHAPEANA,2017-08-06,22,0.0,0.0,Solar
49870,353,LA CHAPEANA,2017-08-06,23,0.0,0.0,Solar
49871,353,LA CHAPEANA,2017-08-06,24,0.0,0.0,Solar
58128,353,LA CHAPEANA,2017-08-07,1,0.0,0.0,Solar
58129,353,LA CHAPEANA,2017-08-07,2,0.0,0.0,Solar
58130,353,LA CHAPEANA,2017-08-07,3,0.0,0.0,Solar
58131,353,LA CHAPEANA,2017-08-07,4,0.0,0.0,Solar
58132,353,LA CHAPEANA,2017-08-07,5,0.0,0.0,Solar
58133,353,LA CHAPEANA,2017-08-07,6,0.0,0.0,Solar
58134,353,LA CHAPEANA,2017-08-07,7,0.0,0.0,Solar
58135,353,LA CHAPEANA,2017-08-07,8,0.0017,0.0017,Solar
58136,353,LA CHAPEANA,2017-08-07,9,0.099,0.099,Solar
58137,353,LA CHAPEANA,2017-08-07,10,0.993,0.993,Solar
58138,353,LA CHAPEANA,2017-08-07,11,1.331,1.331,Solar
58139,353,LA CHAPEANA,2017-08-07,12,1.7619999999999998,1.7619999999999998,Solar
58140,353,LA CHAPEANA,2017-08-07,13,1.857,1.857,Solar
58141,353,LA CHAPEANA,2017-08-07,14,1.8259999999999998,1.8259999999999998,Solar
58142,353,LA CHAPEANA,2017-08-07,15,1.9180000000000001,1.9180000000000001,Solar
58143,353,LA CHAPEANA,2017-08-07,16,1.8459999999999999,1.8459999999999999,Solar
58144,353,LA CHAPEANA,2017-08-07,17,1.6030000000000002,1.6030000000000002,Solar
58145,353,LA CHAPEANA,2017-08-07,18,0.43700000000000006,0.43700000000000006,Solar
58146,353,LA CHAPEANA,2017-08-07,19,0.006,0.006,Solar
58147,353,LA CHAPEANA,2017-08-07,20,0.0,0.0,Solar
58148,353,LA CHAPEANA,2017-08-07,21,0.0,0.0,Solar
58149,353,LA CHAPEANA,2017-08-07,22,0.0,0.0,Solar
58150,353,LA CHAPEANA,2017-08-07,23,0.0,0.0,Solar
58151,353,LA CHAPEANA,2017-08-07,24,0.0,0.0,Solar
71712,353,LA CHAPEANA,2017-08-08,1,0.0,0.0,Solar
71713,353,LA CHAPEANA,2017-08-08,2,0.0,0.0,Solar
71714,353,LA CHAPEANA,2017-08-08,3,0.0,0.0,Solar
71715,353,LA CHAPEANA,2017-08-08,4,0.0,0.0,Solar
71716,353,LA CHAPEANA,2017-08-08,5,0.0,0.0,Solar
71717,353,LA CHAPEANA,2017-08-08,6,0.0,0.0,Solar
71718,353,LA CHAPEANA,2017-08-08,7,0.0,0.0,Solar
71719,353,LA CHAPEANA,2017-08-08,8,0.015,0.015,Solar
71720,353,LA CHAPEANA,2017-08-08,9,0.742,0.742,Solar
71721,353,LA CHAPEANA,2017-08-08,10,1.801,1.801,Solar
71722,353,LA CHAPEANA,2017-08-08,11,1.926,1.926,Solar
71723,353,LA CHAPEANA,2017-08-08,12,1.827,1.827,Solar
71724,353,LA CHAPEANA,2017-08-08,13,1.7480000000000002,1.7480000000000002,Solar
71725,353,LA CHAPEANA,2017-08-08,14,1.83,1.83,Solar
71726,353,LA CHAPEANA,2017-08-08,15,1.9040000000000001,1.9040000000000001,Solar
71727,353,LA CHAPEANA,2017-08-08,16,1.9609999999999999,1.9609999999999999,Solar
71728,353,LA CHAPEANA,2017-08-08,17,1.706,1.706,Solar
71729,353,LA CHAPEANA,2017-08-08,18,0.535,0.535,Solar
71730,353,LA CHAPEANA,2017-08-08,19,0.002,0.002,Solar
71731,353,LA CHAPEANA,2017-08-08,20,0.0,0.0,Solar
71732,353,LA CHAPEANA,2017-08-08,21,0.0,0.0,Solar
71733,353,LA CHAPEANA,2017-08-08,22,0.0,0.0,Solar
71734,353,LA CHAPEANA,2017-08-08,23,0.0,0.0,Solar
71735,353,LA CHAPEANA,2017-08-08,24,0.0,0.0,Solar
80064,353,LA CHAPEANA,2017-08-09,1,0.0,0.0,Solar
80065,353,LA CHAPEANA,2017-08-09,2,0.0,0.0,Solar
80066,353,LA CHAPEANA,2017-08-09,3,0.0,0.0,Solar
80067,353,LA CHAPEANA,2017-08-09,4,0.0,0.0,Solar
80068,353,LA CHAPEANA,2017-08-09,5,0.0,0.0,Solar
80069,353,LA CHAPEANA,2017-08-09,6,0.0,0.0,Solar
80070,353,LA CHAPEANA,2017-08-09,7,0.0,0.0,Solar
80071,353,LA CHAPEANA,2017-08-09,8,0.013999999999999999,0.013999999999999999,Solar
80072,353,LA CHAPEANA,2017-08-09,9,0.634,0.634,Solar
80073,353,LA CHAPEANA,2017-08-09,10,0.626,0.626,Solar
80074,353,LA CHAPEANA,2017-08-09,11,0.856,0.856,Solar
80075,353,LA CHAPEANA,2017-08-09,12,1.254,1.254,Solar
80076,353,LA CHAPEANA,2017-08-09,13,1.193,1.193,Solar
80077,353,LA CHAPEANA,2017-08-09,14,1.258,1.258,Solar
80078,353,LA CHAPEANA,2017-08-09,15,1.508,1.508,Solar
80079,353,LA CHAPEANA,2017-08-09,16,1.861,1.861,Solar
80080,353,LA CHAPEANA,2017-08-09,17,1.285,1.285,Solar
80081,353,LA CHAPEANA,2017-08-09,18,0.409,0.409,Solar
80082,353,LA CHAPEANA,2017-08-09,19,0.004,0.004,Solar
80083,353,LA CHAPEANA,2017-08-09,20,0.0,0.0,Solar
80084,353,LA CHAPEANA,2017-08-09,21,0.0,0.0,Solar
80085,353,LA CHAPEANA,2017-08-09,22,0.0,0.0,Solar
80086,353,LA CHAPEANA,2017-08-09,23,0.0,0.0,Solar
80087,353,LA CHAPEANA,2017-08-09,24,0.0,0.0,Solar
91416,353,LA CHAPEANA,2017-08-10,1,0.0,0.0,Solar
91417,353,LA CHAPEANA,2017-08-10,2,0.0,0.0,Solar
91418,353,LA CHAPEANA,2017-08-10,3,0.0,0.0,Solar
91419,353,LA CHAPEANA,2017-08-10,4,0.0,0.0,Solar
91420,353,LA CHAPEANA,2017-08-10,5,0.0,0.0,Solar
91421,353,LA CHAPEANA,2017-08-10,6,0.0,0.0,Solar
91422,353,LA CHAPEANA,2017-08-10,7,0.0,0.0,Solar
91423,353,LA CHAPEANA,2017-08-10,8,0.003,0.003,Solar
91424,353,LA CHAPEANA,2017-08-10,9,0.084,0.084,Solar
91425,353,LA CHAPEANA,2017-08-10,10,0.267,0.267,Solar
91426,353,LA CHAPEANA,2017-08-10,11,1.598,1.598,Solar
91427,353,LA CHAPEANA,2017-08-10,12,1.3659999999999999,1.3659999999999999,Solar
91428,353,LA CHAPEANA,2017-08-10,13,1.202,1.202,Solar
91429,353,LA CHAPEANA,2017-08-10,14,0.993,0.993,Solar
91430,353,LA CHAPEANA,2017-08-10,15,0.545,0.545,Solar
91431,353,LA CHAPEANA,2017-08-10,16,0.32899999999999996,0.32899999999999996,Solar
91432,353,LA CHAPEANA,2017-08-10,17,0.075,0.075,Solar
91433,353,LA CHAPEANA,2017-08-10,18,0.013999999999999999,0.013999999999999999,Solar
91434,353,LA CHAPEANA,2017-08-10,19,0.0,0.0,Solar
91435,353,LA CHAPEANA,2017-08-10,20,0.0,0.0,Solar
91436,353,LA CHAPEANA,2017-08-10,21,0.0,0.0,Solar
91437,353,LA CHAPEANA,2017-08-10,22,0.0,0.0,Solar
91438,353,LA CHAPEANA,2017-08-10,23,0.0,0.0,Solar
91439,353,LA CHAPEANA,2017-08-10,24,0.0,0.0,Solar
94584,353,LA CHAPEANA,2017-08-11,1,0.0,0.0,Solar
94585,353,LA CHAPEANA,2017-08-11,2,0.0,0.0,Solar
94586,353,LA CHAPEANA,2017-08-11,3,0.0,0.0,Solar
94587,353,LA CHAPEANA,2017-08-11,4,0.0,0.0,Solar
94588,353,LA CHAPEANA,2017-08-11,5,0.0,0.0,Solar
94589,353,LA CHAPEANA,2017-08-11,6,0.0,0.0,Solar
94590,353,LA CHAPEANA,2017-08-11,7,0.0,0.0,Solar
94591,353,LA CHAPEANA,2017-08-11,8,0.015,0.015,Solar
94592,353,LA CHAPEANA,2017-08-11,9,0.249,0.249,Solar
94593,353,LA CHAPEANA,2017-08-11,10,0.691,0.691,Solar
94594,353,LA CHAPEANA,2017-08-11,11,1.495,1.495,Solar
94595,353,LA CHAPEANA,2017-08-11,12,1.149,1.149,Solar
94596,353,LA CHAPEANA,2017-08-11,13,0.596,0.596,Solar
94597,353,LA CHAPEANA,2017-08-11,14,0.267,0.267,Solar
94598,353,LA CHAPEANA,2017-08-11,15,0.409,0.409,Solar
94599,353,LA CHAPEANA,2017-08-11,16,0.21600000000000003,0.21600000000000003,Solar
94600,353,LA CHAPEANA,2017-08-11,17,0.14,0.14,Solar
94601,353,LA CHAPEANA,2017-08-11,18,0.085,0.085,Solar
94602,353,LA CHAPEANA,2017-08-11,19,0.001,0.001,Solar
94603,353,LA CHAPEANA,2017-08-11,20,0.0,0.0,Solar
94604,353,LA CHAPEANA,2017-08-11,21,0.0,0.0,Solar
94605,353,LA CHAPEANA,2017-08-11,22,0.0,0.0,Solar
94606,353,LA CHAPEANA,2017-08-11,23,0.0,0.0,Solar
94607,353,LA CHAPEANA,2017-08-11,24,0.0,0.0,Solar
110088,353,LA CHAPEANA,2017-08-12,1,0.0,0.0,Solar
110089,353,LA CHAPEANA,2017-08-12,2,0.0,0.0,Solar
110090,353,LA CHAPEANA,2017-08-12,3,0.0,0.0,Solar
110091,353,LA CHAPEANA,2017-08-12,4,0.0,0.0,Solar
110092,353,LA CHAPEANA,2017-08-12,5,0.0,0.0,Solar
110093,353,LA CHAPEANA,2017-08-12,6,0.0,0.0,Solar
110094,353,LA CHAPEANA,2017-08-12,7,0.0,0.0,Solar
110095,353,LA CHAPEANA,2017-08-12,8,0.017,0.017,Solar
110096,353,LA CHAPEANA,2017-08-12,9,0.2,0.2,Solar
110097,353,LA CHAPEANA,2017-08-12,10,0.758,0.758,Solar
110098,353,LA CHAPEANA,2017-08-12,11,1.4809999999999999,1.4809999999999999,Solar
110099,353,LA CHAPEANA,2017-08-12,12,1.839,1.839,Solar
110100,353,LA CHAPEANA,2017-08-12,13,1.665,1.665,Solar
110101,353,LA CHAPEANA,2017-08-12,14,1.5619999999999998,1.5619999999999998,Solar
110102,353,LA CHAPEANA,2017-08-12,15,0.486,0.486,Solar
110103,353,LA CHAPEANA,2017-08-12,16,1.249,1.249,Solar
110104,353,LA CHAPEANA,2017-08-12,17,1.381,1.381,Solar
110105,353,LA CHAPEANA,2017-08-12,18,0.213,0.213,Solar
110106,353,LA CHAPEANA,2017-08-12,19,0.001,0.001,Solar
110107,353,LA CHAPEANA,2017-08-12,20,0.0,0.0,Solar
110108,353,LA CHAPEANA,2017-08-12,21,0.0,0.0,Solar
110109,353,LA CHAPEANA,2017-08-12,22,0.0,0.0,Solar
110110,353,LA CHAPEANA,2017-08-12,23,0.0,0.0,Solar
110111,353,LA CHAPEANA,2017-08-12,24,0.0,0.0,Solar
113952,353,LA CHAPEANA,2017-08-13,1,0.0,0.0,Solar
113953,353,LA CHAPEANA,2017-08-13,2,0.0,0.0,Solar
113954,353,LA CHAPEANA,2017-08-13,3,0.0,0.0,Solar
113955,353,LA CHAPEANA,2017-08-13,4,0.0,0.0,Solar
113956,353,LA CHAPEANA,2017-08-13,5,0.0,0.0,Solar
113957,353,LA CHAPEANA,2017-08-13,6,0.0,0.0,Solar
113958,353,LA CHAPEANA,2017-08-13,7,0.0,0.0,Solar
113959,353,LA CHAPEANA,2017-08-13,8,0.021,0.021,Solar
113960,353,LA CHAPEANA,2017-08-13,9,1.0759999999999998,1.0759999999999998,Solar
113961,353,LA CHAPEANA,2017-08-13,10,2.012,2.012,Solar
113962,353,LA CHAPEANA,2017-08-13,11,2.017,2.017,Solar
113963,353,LA CHAPEANA,2017-08-13,12,1.538,1.538,Solar
113964,353,LA CHAPEANA,2017-08-13,13,1.8940000000000001,1.8940000000000001,Solar
113965,353,LA CHAPEANA,2017-08-13,14,1.916,1.916,Solar
113966,353,LA CHAPEANA,2017-08-13,15,1.995,1.995,Solar
113967,353,LA CHAPEANA,2017-08-13,16,2.057,2.057,Solar
113968,353,LA CHAPEANA,2017-08-13,17,1.8419999999999999,1.8419999999999999,Solar
113969,353,LA CHAPEANA,2017-08-13,18,0.633,0.633,Solar
113970,353,LA CHAPEANA,2017-08-13,19,0.003,0.003,Solar
113971,353,LA CHAPEANA,2017-08-13,20,0.0,0.0,Solar
113972,353,LA CHAPEANA,2017-08-13,21,0.0,0.0,Solar
113973,353,LA CHAPEANA,2017-08-13,22,0.0,0.0,Solar
113974,353,LA CHAPEANA,2017-08-13,23,0.0,0.0,Solar
113975,353,LA CHAPEANA,2017-08-13,24,0.0,0.0,Solar
120480,353,LA CHAPEANA,2017-08-14,1,0.0,0.0,Solar
120481,353,LA CHAPEANA,2017-08-14,2,0.0,0.0,Solar
120482,353,LA CHAPEANA,2017-08-14,3,0.0,0.0,Solar
120483,353,LA CHAPEANA,2017-08-14,4,0.0,0.0,Solar
120484,353,LA CHAPEANA,2017-08-14,5,0.0,0.0,Solar
120485,353,LA CHAPEANA,2017-08-14,6,0.0,0.0,Solar
120486,353,LA CHAPEANA,2017-08-14,7,0.0,0.0,Solar
120487,353,LA CHAPEANA,2017-08-14,8,0.025,0.025,Solar
120488,353,LA CHAPEANA,2017-08-14,9,1.129,1.129,Solar
120489,353,LA CHAPEANA,2017-08-14,10,2.062,2.062,Solar
120490,353,LA CHAPEANA,2017-08-14,11,2.045,2.045,Solar
120491,353,LA CHAPEANA,2017-08-14,12,1.943,1.943,Solar
120492,353,LA CHAPEANA,2017-08-14,13,1.901,1.901,Solar
120493,353,LA CHAPEANA,2017-08-14,14,1.944,1.944,Solar
120494,353,LA CHAPEANA,2017-08-14,15,2.011,2.011,Solar
120495,353,LA CHAPEANA,2017-08-14,16,2.049,2.049,Solar
120496,353,LA CHAPEANA,2017-08-14,17,1.8459999999999999,1.8459999999999999,Solar
120497,353,LA CHAPEANA,2017-08-14,18,0.642,0.642,Solar
120498,353,LA CHAPEANA,2017-08-14,19,0.003,0.003,Solar
120499,353,LA CHAPEANA,2017-08-14,20,0.0,0.0,Solar
120500,353,LA CHAPEANA,2017-08-14,21,0.0,0.0,Solar
120501,353,LA CHAPEANA,2017-08-14,22,0.0,0.0,Solar
120502,353,LA CHAPEANA,2017-08-14,23,0.0,0.0,Solar
120503,353,LA CHAPEANA,2017-08-14,24,0.0,0.0,Solar
135576,353,LA CHAPEANA,2017-08-15,1,0.0,0.0,Solar
135577,353,LA CHAPEANA,2017-08-15,2,0.0,0.0,Solar
135578,353,LA CHAPEANA,2017-08-15,3,0.0,0.0,Solar
135579,353,LA CHAPEANA,2017-08-15,4,0.0,0.0,Solar
135580,353,LA CHAPEANA,2017-08-15,5,0.0,0.0,Solar
135581,353,LA CHAPEANA,2017-08-15,6,0.0,0.0,Solar
135582,353,LA CHAPEANA,2017-08-15,7,0.0,0.0,Solar
135583,353,LA CHAPEANA,2017-08-15,8,0.02,0.02,Solar
135584,353,LA CHAPEANA,2017-08-15,9,1.099,1.099,Solar
135585,353,LA CHAPEANA,2017-08-15,10,2.036,2.036,Solar
135586,353,LA CHAPEANA,2017-08-15,11,1.8119999999999998,1.8119999999999998,Solar
135587,353,LA CHAPEANA,2017-08-15,12,1.546,1.546,Solar
135588,353,LA CHAPEANA,2017-08-15,13,1.3840000000000001,1.3840000000000001,Solar
135589,353,LA CHAPEANA,2017-08-15,14,1.329,1.329,Solar
135590,353,LA CHAPEANA,2017-08-15,15,1.315,1.315,Solar
135591,353,LA CHAPEANA,2017-08-15,16,1.819,1.819,Solar
135592,353,LA CHAPEANA,2017-08-15,17,1.8519999999999999,1.8519999999999999,Solar
135593,353,LA CHAPEANA,2017-08-15,18,0.648,0.648,Solar
135594,353,LA CHAPEANA,2017-08-15,19,0.003,0.003,Solar
135595,353,LA CHAPEANA,2017-08-15,20,0.0,0.0,Solar
135596,353,LA CHAPEANA,2017-08-15,21,0.0,0.0,Solar
135597,353,LA CHAPEANA,2017-08-15,22,0.0,0.0,Solar
135598,353,LA CHAPEANA,2017-08-15,23,0.0,0.0,Solar
135599,353,LA CHAPEANA,2017-08-15,24,0.0,0.0,Solar
147144,353,LA CHAPEANA,2017-08-16,1,0.0,0.0,Solar
147145,353,LA CHAPEANA,2017-08-16,2,0.0,0.0,Solar
147146,353,LA CHAPEANA,2017-08-16,3,0.0,0.0,Solar
147147,353,LA CHAPEANA,2017-08-16,4,0.0,0.0,Solar
147148,353,LA CHAPEANA,2017-08-16,5,0.0,0.0,Solar
147149,353,LA CHAPEANA,2017-08-16,6,0.0,0.0,Solar
147150,353,LA CHAPEANA,2017-08-16,7,0.0,0.0,Solar
147151,353,LA CHAPEANA,2017-08-16,8,0.006,0.006,Solar
147152,353,LA CHAPEANA,2017-08-16,9,0.149,0.149,Solar
147153,353,LA CHAPEANA,2017-08-16,10,1.501,1.501,Solar
147154,353,LA CHAPEANA,2017-08-16,11,2.0269999999999997,2.0269999999999997,Solar
147155,353,LA CHAPEANA,2017-08-16,12,1.96,1.96,Solar
147156,353,LA CHAPEANA,2017-08-16,13,1.8969999999999998,1.8969999999999998,Solar
147157,353,LA CHAPEANA,2017-08-16,14,1.915,1.915,Solar
147158,353,LA CHAPEANA,2017-08-16,15,1.993,1.993,Solar
147159,353,LA CHAPEANA,2017-08-16,16,2.072,2.072,Solar
147160,353,LA CHAPEANA,2017-08-16,17,1.8459999999999999,1.8459999999999999,Solar
147161,353,LA CHAPEANA,2017-08-16,18,0.642,0.642,Solar
147162,353,LA CHAPEANA,2017-08-16,19,0.004,0.004,Solar
147163,353,LA CHAPEANA,2017-08-16,20,0.0,0.0,Solar
147164,353,LA CHAPEANA,2017-08-16,21,0.0,0.0,Solar
147165,353,LA CHAPEANA,2017-08-16,22,0.0,0.0,Solar
147166,353,LA CHAPEANA,2017-08-16,23,0.0,0.0,Solar
147167,353,LA CHAPEANA,2017-08-16,24,0.0,0.0,Solar
150936,353,LA CHAPEANA,2017-08-17,1,0.0,0.0,Solar
150937,353,LA CHAPEANA,2017-08-17,2,0.0,0.0,Solar
150938,353,LA CHAPEANA,2017-08-17,3,0.0,0.0,Solar
150939,353,LA CHAPEANA,2017-08-17,4,0.0,0.0,Solar
150940,353,LA CHAPEANA,2017-08-17,5,0.0,0.0,Solar
150941,353,LA CHAPEANA,2017-08-17,6,0.0,0.0,Solar
150942,353,LA CHAPEANA,2017-08-17,7,0.0,0.0,Solar
150943,353,LA CHAPEANA,2017-08-17,8,0.022000000000000002,0.022000000000000002,Solar
150944,353,LA CHAPEANA,2017-08-17,9,1.06,1.06,Solar
150945,353,LA CHAPEANA,2017-08-17,10,2.059,2.059,Solar
150946,353,LA CHAPEANA,2017-08-17,11,2.017,2.017,Solar
150947,353,LA CHAPEANA,2017-08-17,12,1.935,1.935,Solar
150948,353,LA CHAPEANA,2017-08-17,13,1.976,1.976,Solar
150949,353,LA CHAPEANA,2017-08-17,14,1.96,1.96,Solar
150950,353,LA CHAPEANA,2017-08-17,15,1.939,1.939,Solar
150951,353,LA CHAPEANA,2017-08-17,16,1.4,1.4,Solar
150952,353,LA CHAPEANA,2017-08-17,17,1.883,1.883,Solar
150953,353,LA CHAPEANA,2017-08-17,18,0.67,0.67,Solar
150954,353,LA CHAPEANA,2017-08-17,19,0.004,0.004,Solar
150955,353,LA CHAPEANA,2017-08-17,20,0.0,0.0,Solar
150956,353,LA CHAPEANA,2017-08-17,21,0.0,0.0,Solar
150957,353,LA CHAPEANA,2017-08-17,22,0.0,0.0,Solar
150958,353,LA CHAPEANA,2017-08-17,23,0.0,0.0,Solar
150959,353,LA CHAPEANA,2017-08-17,24,0.0,0.0,Solar
157920,353,LA CHAPEANA,2017-08-18,1,0.0,0.0,Solar
157921,353,LA CHAPEANA,2017-08-18,2,0.0,0.0,Solar
157922,353,LA CHAPEANA,2017-08-18,3,0.0,0.0,Solar
157923,353,LA CHAPEANA,2017-08-18,4,0.0,0.0,Solar
157924,353,LA CHAPEANA,2017-08-18,5,0.0,0.0,Solar
157925,353,LA CHAPEANA,2017-08-18,6,0.0,0.0,Solar
157926,353,LA CHAPEANA,2017-08-18,7,0.0,0.0,Solar
157927,353,LA CHAPEANA,2017-08-18,8,0.006,0.006,Solar
157928,353,LA CHAPEANA,2017-08-18,9,0.156,0.156,Solar
157929,353,LA CHAPEANA,2017-08-18,10,0.507,0.507,Solar
157930,353,LA CHAPEANA,2017-08-18,11,1.083,1.083,Solar
157931,353,LA CHAPEANA,2017-08-18,12,0.779,0.779,Solar
157932,353,LA CHAPEANA,2017-08-18,13,1.679,1.679,Solar
157933,353,LA CHAPEANA,2017-08-18,14,1.984,1.984,Solar
157934,353,LA CHAPEANA,2017-08-18,15,2.045,2.045,Solar
157935,353,LA CHAPEANA,2017-08-18,16,2.09,2.09,Solar
157936,353,LA CHAPEANA,2017-08-18,17,1.405,1.405,Solar
157937,353,LA CHAPEANA,2017-08-18,18,0.34600000000000003,0.34600000000000003,Solar
157938,353,LA CHAPEANA,2017-08-18,19,0.001,0.001,Solar
157939,353,LA CHAPEANA,2017-08-18,20,0.0,0.0,Solar
157940,353,LA CHAPEANA,2017-08-18,21,0.0,0.0,Solar
157941,353,LA CHAPEANA,2017-08-18,22,0.0,0.0,Solar
157942,353,LA CHAPEANA,2017-08-18,23,0.0,0.0,Solar
157943,353,LA CHAPEANA,2017-08-18,24,0.0,0.0,Solar
171720,353,LA CHAPEANA,2017-08-19,1,0.0,0.0,Solar
171721,353,LA CHAPEANA,2017-08-19,2,0.0,0.0,Solar
171722,353,LA CHAPEANA,2017-08-19,3,0.0,0.0,Solar
171723,353,LA CHAPEANA,2017-08-19,4,0.0,0.0,Solar
171724,353,LA CHAPEANA,2017-08-19,5,0.0,0.0,Solar
171725,353,LA CHAPEANA,2017-08-19,6,0.0,0.0,Solar
171726,353,LA CHAPEANA,2017-08-19,7,0.0,0.0,Solar
171727,353,LA CHAPEANA,2017-08-19,8,0.017,0.017,Solar
171728,353,LA CHAPEANA,2017-08-19,9,0.33799999999999997,0.33799999999999997,Solar
171729,353,LA CHAPEANA,2017-08-19,10,1.5659999999999998,1.5659999999999998,Solar
171730,353,LA CHAPEANA,2017-08-19,11,2.0140000000000002,2.0140000000000002,Solar
171731,353,LA CHAPEANA,2017-08-19,12,1.93,1.93,Solar
171732,353,LA CHAPEANA,2017-08-19,13,1.97,1.97,Solar
171733,353,LA CHAPEANA,2017-08-19,14,1.965,1.965,Solar
171734,353,LA CHAPEANA,2017-08-19,15,2.037,2.037,Solar
171735,353,LA CHAPEANA,2017-08-19,16,2.075,2.075,Solar
171736,353,LA CHAPEANA,2017-08-19,17,1.724,1.724,Solar
171737,353,LA CHAPEANA,2017-08-19,18,0.35,0.35,Solar
171738,353,LA CHAPEANA,2017-08-19,19,0.001,0.001,Solar
171739,353,LA CHAPEANA,2017-08-19,20,0.0,0.0,Solar
171740,353,LA CHAPEANA,2017-08-19,21,0.0,0.0,Solar
171741,353,LA CHAPEANA,2017-08-19,22,0.0,0.0,Solar
171742,353,LA CHAPEANA,2017-08-19,23,0.0,0.0,Solar
171743,353,LA CHAPEANA,2017-08-19,24,0.0,0.0,Solar
177912,353,LA CHAPEANA,2017-08-20,1,0.0,0.0,Solar
177913,353,LA CHAPEANA,2017-08-20,2,0.0,0.0,Solar
177914,353,LA CHAPEANA,2017-08-20,3,0.0,0.0,Solar
177915,353,LA CHAPEANA,2017-08-20,4,0.0,0.0,Solar
177916,353,LA CHAPEANA,2017-08-20,5,0.0,0.0,Solar
177917,353,LA CHAPEANA,2017-08-20,6,0.0,0.0,Solar
177918,353,LA CHAPEANA,2017-08-20,7,0.0,0.0,Solar
177919,353,LA CHAPEANA,2017-08-20,8,0.018000000000000002,0.018000000000000002,Solar
177920,353,LA CHAPEANA,2017-08-20,9,0.626,0.626,Solar
177921,353,LA CHAPEANA,2017-08-20,10,1.331,1.331,Solar
177922,353,LA CHAPEANA,2017-08-20,11,2.069,2.069,Solar
177923,353,LA CHAPEANA,2017-08-20,12,1.9709999999999999,1.9709999999999999,Solar
177924,353,LA CHAPEANA,2017-08-20,13,1.946,1.946,Solar
177925,353,LA CHAPEANA,2017-08-20,14,1.962,1.962,Solar
177926,353,LA CHAPEANA,2017-08-20,15,2.0140000000000002,2.0140000000000002,Solar
177927,353,LA CHAPEANA,2017-08-20,16,2.0140000000000002,2.0140000000000002,Solar
177928,353,LA CHAPEANA,2017-08-20,17,1.794,1.794,Solar
177929,353,LA CHAPEANA,2017-08-20,18,0.174,0.174,Solar
177930,353,LA CHAPEANA,2017-08-20,19,0.005,0.005,Solar
177931,353,LA CHAPEANA,2017-08-20,20,0.0,0.0,Solar
177932,353,LA CHAPEANA,2017-08-20,21,0.0,0.0,Solar
177933,353,LA CHAPEANA,2017-08-20,22,0.0,0.0,Solar
177934,353,LA CHAPEANA,2017-08-20,23,0.0,0.0,Solar
177935,353,LA CHAPEANA,2017-08-20,24,0.0,0.0,Solar
187512,353,LA CHAPEANA,2017-08-21,1,0.0,0.0,Solar
187513,353,LA CHAPEANA,2017-08-21,2,0.0,0.0,Solar
187514,353,LA CHAPEANA,2017-08-21,3,0.0,0.0,Solar
187515,353,LA CHAPEANA,2017-08-21,4,0.0,0.0,Solar
187516,353,LA CHAPEANA,2017-08-21,5,0.0,0.0,Solar
187517,353,LA CHAPEANA,2017-08-21,6,0.0,0.0,Solar
187518,353,LA CHAPEANA,2017-08-21,7,0.0,0.0,Solar
187519,353,LA CHAPEANA,2017-08-21,8,0.105,0.105,Solar
187520,353,LA CHAPEANA,2017-08-21,9,1.0490000000000002,1.0490000000000002,Solar
187521,353,LA CHAPEANA,2017-08-21,10,2.013,2.013,Solar
187522,353,LA CHAPEANA,2017-08-21,11,1.996,1.996,Solar
187523,353,LA CHAPEANA,2017-08-21,12,1.923,1.923,Solar
187524,353,LA CHAPEANA,2017-08-21,13,1.896,1.896,Solar
187525,353,LA CHAPEANA,2017-08-21,14,1.9569999999999999,1.9569999999999999,Solar
187526,353,LA CHAPEANA,2017-08-21,15,2.021,2.021,Solar
187527,353,LA CHAPEANA,2017-08-21,16,2.057,2.057,Solar
187528,353,LA CHAPEANA,2017-08-21,17,1.8840000000000001,1.8840000000000001,Solar
187529,353,LA CHAPEANA,2017-08-21,18,0.7170000000000001,0.7170000000000001,Solar
187530,353,LA CHAPEANA,2017-08-21,19,0.005,0.005,Solar
187531,353,LA CHAPEANA,2017-08-21,20,0.0,0.0,Solar
187532,353,LA CHAPEANA,2017-08-21,21,0.0,0.0,Solar
187533,353,LA CHAPEANA,2017-08-21,22,0.0,0.0,Solar
187534,353,LA CHAPEANA,2017-08-21,23,0.0,0.0,Solar
187535,353,LA CHAPEANA,2017-08-21,24,0.0,0.0,Solar
203568,353,LA CHAPEANA,2017-08-22,1,0.0,0.0,Solar
203569,353,LA CHAPEANA,2017-08-22,2,0.0,0.0,Solar
203570,353,LA CHAPEANA,2017-08-22,3,0.0,0.0,Solar
203571,353,LA CHAPEANA,2017-08-22,4,0.0,0.0,Solar
203572,353,LA CHAPEANA,2017-08-22,5,0.0,0.0,Solar
203573,353,LA CHAPEANA,2017-08-22,6,0.0,0.0,Solar
203574,353,LA CHAPEANA,2017-08-22,7,0.0,0.0,Solar
203575,353,LA CHAPEANA,2017-08-22,8,0.02,0.02,Solar
203576,353,LA CHAPEANA,2017-08-22,9,0.111,0.111,Solar
203577,353,LA CHAPEANA,2017-08-22,10,0.109,0.109,Solar
203578,353,LA CHAPEANA,2017-08-22,11,0.158,0.158,Solar
203579,353,LA CHAPEANA,2017-08-22,12,0.271,0.271,Solar
203580,353,LA CHAPEANA,2017-08-22,13,0.782,0.782,Solar
203581,353,LA CHAPEANA,2017-08-22,14,1.671,1.671,Solar
203582,353,LA CHAPEANA,2017-08-22,15,1.383,1.383,Solar
203583,353,LA CHAPEANA,2017-08-22,16,1.135,1.135,Solar
203584,353,LA CHAPEANA,2017-08-22,17,0.27699999999999997,0.27699999999999997,Solar
203585,353,LA CHAPEANA,2017-08-22,18,0.115,0.115,Solar
203586,353,LA CHAPEANA,2017-08-22,19,0.001,0.001,Solar
203587,353,LA CHAPEANA,2017-08-22,20,0.0,0.0,Solar
203588,353,LA CHAPEANA,2017-08-22,21,0.0,0.0,Solar
203589,353,LA CHAPEANA,2017-08-22,22,0.0,0.0,Solar
203590,353,LA CHAPEANA,2017-08-22,23,0.0,0.0,Solar
203591,353,LA CHAPEANA,2017-08-22,24,0.0,0.0,Solar
212352,353,LA CHAPEANA,2017-08-23,1,0.0,0.0,Solar
212353,353,LA CHAPEANA,2017-08-23,2,0.0,0.0,Solar
212354,353,LA CHAPEANA,2017-08-23,3,0.0,0.0,Solar
212355,353,LA CHAPEANA,2017-08-23,4,0.0,0.0,Solar
212356,353,LA CHAPEANA,2017-08-23,5,0.0,0.0,Solar
212357,353,LA CHAPEANA,2017-08-23,6,0.0,0.0,Solar
212358,353,LA CHAPEANA,2017-08-23,7,0.0,0.0,Solar
212359,353,LA CHAPEANA,2017-08-23,8,0.045,0.045,Solar
212360,353,LA CHAPEANA,2017-08-23,9,0.5479999999999999,0.5479999999999999,Solar
212361,353,LA CHAPEANA,2017-08-23,10,1.272,1.272,Solar
212362,353,LA CHAPEANA,2017-08-23,11,1.8769999999999998,1.8769999999999998,Solar
212363,353,LA CHAPEANA,2017-08-23,12,1.855,1.855,Solar
212364,353,LA CHAPEANA,2017-08-23,13,1.7719999999999998,1.7719999999999998,Solar
212365,353,LA CHAPEANA,2017-08-23,14,1.845,1.845,Solar
212366,353,LA CHAPEANA,2017-08-23,15,1.607,1.607,Solar
212367,353,LA CHAPEANA,2017-08-23,16,1.706,1.706,Solar
212368,353,LA CHAPEANA,2017-08-23,17,1.81,1.81,Solar
212369,353,LA CHAPEANA,2017-08-23,18,0.688,0.688,Solar
212370,353,LA CHAPEANA,2017-08-23,19,0.015,0.015,Solar
212371,353,LA CHAPEANA,2017-08-23,20,0.0,0.0,Solar
212372,353,LA CHAPEANA,2017-08-23,21,0.0,0.0,Solar
212373,353,LA CHAPEANA,2017-08-23,22,0.0,0.0,Solar
212374,353,LA CHAPEANA,2017-08-23,23,0.0,0.0,Solar
212375,353,LA CHAPEANA,2017-08-23,24,0.0,0.0,Solar
220272,353,LA CHAPEANA,2017-08-24,1,0.0,0.0,Solar
220273,353,LA CHAPEANA,2017-08-24,2,0.0,0.0,Solar
220274,353,LA CHAPEANA,2017-08-24,3,0.0,0.0,Solar
220275,353,LA CHAPEANA,2017-08-24,4,0.0,0.0,Solar
220276,353,LA CHAPEANA,2017-08-24,5,0.0,0.0,Solar
220277,353,LA CHAPEANA,2017-08-24,6,0.0,0.0,Solar
220278,353,LA CHAPEANA,2017-08-24,7,0.0,0.0,Solar
220279,353,LA CHAPEANA,2017-08-24,8,0.008,0.008,Solar
220280,353,LA CHAPEANA,2017-08-24,9,0.177,0.177,Solar
220281,353,LA CHAPEANA,2017-08-24,10,0.273,0.273,Solar
220282,353,LA CHAPEANA,2017-08-24,11,0.479,0.479,Solar
220283,353,LA CHAPEANA,2017-08-24,12,0.68,0.68,Solar
220284,353,LA CHAPEANA,2017-08-24,13,0.955,0.955,Solar
220285,353,LA CHAPEANA,2017-08-24,14,1.0859999999999999,1.0859999999999999,Solar
220286,353,LA CHAPEANA,2017-08-24,15,1.297,1.297,Solar
220287,353,LA CHAPEANA,2017-08-24,16,1.315,1.315,Solar
220288,353,LA CHAPEANA,2017-08-24,17,1.7069999999999999,1.7069999999999999,Solar
220289,353,LA CHAPEANA,2017-08-24,18,0.764,0.764,Solar
220290,353,LA CHAPEANA,2017-08-24,19,0.006999999999999999,0.006999999999999999,Solar
220291,353,LA CHAPEANA,2017-08-24,20,0.0,0.0,Solar
220292,353,LA CHAPEANA,2017-08-24,21,0.0,0.0,Solar
220293,353,LA CHAPEANA,2017-08-24,22,0.0,0.0,Solar
220294,353,LA CHAPEANA,2017-08-24,23,0.0,0.0,Solar
220295,353,LA CHAPEANA,2017-08-24,24,0.0,0.0,Solar
224088,353,LA CHAPEANA,2017-08-25,1,0.0,0.0,Solar
224089,353,LA CHAPEANA,2017-08-25,2,0.0,0.0,Solar
224090,353,LA CHAPEANA,2017-08-25,3,0.0,0.0,Solar
224091,353,LA CHAPEANA,2017-08-25,4,0.0,0.0,Solar
224092,353,LA CHAPEANA,2017-08-25,5,0.0,0.0,Solar
224093,353,LA CHAPEANA,2017-08-25,6,0.0,0.0,Solar
224094,353,LA CHAPEANA,2017-08-25,7,0.0,0.0,Solar
224095,353,LA CHAPEANA,2017-08-25,8,0.037000000000000005,0.037000000000000005,Solar
224096,353,LA CHAPEANA,2017-08-25,9,0.605,0.605,Solar
224097,353,LA CHAPEANA,2017-08-25,10,2.08,2.08,Solar
224098,353,LA CHAPEANA,2017-08-25,11,2.077,2.077,Solar
224099,353,LA CHAPEANA,2017-08-25,12,2.023,2.023,Solar
224100,353,LA CHAPEANA,2017-08-25,13,2.011,2.011,Solar
224101,353,LA CHAPEANA,2017-08-25,14,2.033,2.033,Solar
224102,353,LA CHAPEANA,2017-08-25,15,2.089,2.089,Solar
224103,353,LA CHAPEANA,2017-08-25,16,2.12,2.12,Solar
224104,353,LA CHAPEANA,2017-08-25,17,1.933,1.933,Solar
224105,353,LA CHAPEANA,2017-08-25,18,0.789,0.789,Solar
224106,353,LA CHAPEANA,2017-08-25,19,0.008,0.008,Solar
224107,353,LA CHAPEANA,2017-08-25,20,0.0,0.0,Solar
224108,353,LA CHAPEANA,2017-08-25,21,0.0,0.0,Solar
224109,353,LA CHAPEANA,2017-08-25,22,0.0,0.0,Solar
224110,353,LA CHAPEANA,2017-08-25,23,0.0,0.0,Solar
224111,353,LA CHAPEANA,2017-08-25,24,0.0,0.0,Solar
231864,353,LA CHAPEANA,2017-08-26,1,0.0,0.0,Solar
231865,353,LA CHAPEANA,2017-08-26,2,0.0,0.0,Solar
231866,353,LA CHAPEANA,2017-08-26,3,0.0,0.0,Solar
231867,353,LA CHAPEANA,2017-08-26,4,0.0,0.0,Solar
231868,353,LA CHAPEANA,2017-08-26,5,0.0,0.0,Solar
231869,353,LA CHAPEANA,2017-08-26,6,0.0,0.0,Solar
231870,353,LA CHAPEANA,2017-08-26,7,0.0,0.0,Solar
231871,353,LA CHAPEANA,2017-08-26,8,0.11,0.11,Solar
231872,353,LA CHAPEANA,2017-08-26,9,1.409,1.409,Solar
231873,353,LA CHAPEANA,2017-08-26,10,2.133,2.133,Solar
231874,353,LA CHAPEANA,2017-08-26,11,2.094,2.094,Solar
231875,353,LA CHAPEANA,2017-08-26,12,2.0469999999999997,2.0469999999999997,Solar
231876,353,LA CHAPEANA,2017-08-26,13,2.013,2.013,Solar
231877,353,LA CHAPEANA,2017-08-26,14,0.024,0.024,Solar
231878,353,LA CHAPEANA,2017-08-26,15,2.077,2.077,Solar
231879,353,LA CHAPEANA,2017-08-26,16,2.124,2.124,Solar
231880,353,LA CHAPEANA,2017-08-26,17,1.9569999999999999,1.9569999999999999,Solar
231881,353,LA CHAPEANA,2017-08-26,18,0.794,0.794,Solar
231882,353,LA CHAPEANA,2017-08-26,19,0.009000000000000001,0.009000000000000001,Solar
231883,353,LA CHAPEANA,2017-08-26,20,0.0,0.0,Solar
231884,353,LA CHAPEANA,2017-08-26,21,0.0,0.0,Solar
231885,353,LA CHAPEANA,2017-08-26,22,0.0,0.0,Solar
231886,353,LA CHAPEANA,2017-08-26,23,0.0,0.0,Solar
231887,353,LA CHAPEANA,2017-08-26,24,0.0,0.0,Solar
248088,353,LA CHAPEANA,2017-08-27,1,0.0,0.0,Solar
248089,353,LA CHAPEANA,2017-08-27,2,0.0,0.0,Solar
248090,353,LA CHAPEANA,2017-08-27,3,0.0,0.0,Solar
248091,353,LA CHAPEANA,2017-08-27,4,0.0,0.0,Solar
248092,353,LA CHAPEANA,2017-08-27,5,0.0,0.0,Solar
248093,353,LA CHAPEANA,2017-08-27,6,0.0,0.0,Solar
248094,353,LA CHAPEANA,2017-08-27,7,0.0,0.0,Solar
248095,353,LA CHAPEANA,2017-08-27,8,0.038,0.038,Solar
248096,353,LA CHAPEANA,2017-08-27,9,0.172,0.172,Solar
248097,353,LA CHAPEANA,2017-08-27,10,0.34600000000000003,0.34600000000000003,Solar
248098,353,LA CHAPEANA,2017-08-27,11,0.561,0.561,Solar
248099,353,LA CHAPEANA,2017-08-27,12,1.5090000000000001,1.5090000000000001,Solar
248100,353,LA CHAPEANA,2017-08-27,13,2.04,2.04,Solar
248101,353,LA CHAPEANA,2017-08-27,14,0.08199999999999999,0.08199999999999999,Solar
248102,353,LA CHAPEANA,2017-08-27,15,2.11,2.11,Solar
248103,353,LA CHAPEANA,2017-08-27,16,2.055,2.055,Solar
248104,353,LA CHAPEANA,2017-08-27,17,1.931,1.931,Solar
248105,353,LA CHAPEANA,2017-08-27,18,0.81,0.81,Solar
248106,353,LA CHAPEANA,2017-08-27,19,0.008,0.008,Solar
248107,353,LA CHAPEANA,2017-08-27,20,0.0,0.0,Solar
248108,353,LA CHAPEANA,2017-08-27,21,0.0,0.0,Solar
248109,353,LA CHAPEANA,2017-08-27,22,0.0,0.0,Solar
248110,353,LA CHAPEANA,2017-08-27,23,0.0,0.0,Solar
248111,353,LA CHAPEANA,2017-08-27,24,0.0,0.0,Solar
253056,353,LA CHAPEANA,2017-08-28,1,0.0,0.0,Solar
253057,353,LA CHAPEANA,2017-08-28,2,0.0,0.0,Solar
253058,353,LA CHAPEANA,2017-08-28,3,0.0,0.0,Solar
253059,353,LA CHAPEANA,2017-08-28,4,0.0,0.0,Solar
253060,353,LA CHAPEANA,2017-08-28,5,0.0,0.0,Solar
253061,353,LA CHAPEANA,2017-08-28,6,0.0,0.0,Solar
253062,353,LA CHAPEANA,2017-08-28,7,0.0,0.0,Solar
253063,353,LA CHAPEANA,2017-08-28,8,0.135,0.135,Solar
253064,353,LA CHAPEANA,2017-08-28,9,1.443,1.443,Solar
253065,353,LA CHAPEANA,2017-08-28,10,2.112,2.112,Solar
253066,353,LA CHAPEANA,2017-08-28,11,2.08,2.08,Solar
253067,353,LA CHAPEANA,2017-08-28,12,2.0469999999999997,2.0469999999999997,Solar
253068,353,LA CHAPEANA,2017-08-28,13,2.0269999999999997,2.0269999999999997,Solar
253069,353,LA CHAPEANA,2017-08-28,14,2.053,2.053,Solar
253070,353,LA CHAPEANA,2017-08-28,15,2.124,2.124,Solar
253071,353,LA CHAPEANA,2017-08-28,16,1.3630000000000002,1.3630000000000002,Solar
253072,353,LA CHAPEANA,2017-08-28,17,0.324,0.324,Solar
253073,353,LA CHAPEANA,2017-08-28,18,0.087,0.087,Solar
253074,353,LA CHAPEANA,2017-08-28,19,0.003,0.003,Solar
253075,353,LA CHAPEANA,2017-08-28,20,0.0,0.0,Solar
253076,353,LA CHAPEANA,2017-08-28,21,0.0,0.0,Solar
253077,353,LA CHAPEANA,2017-08-28,22,0.0,0.0,Solar
253078,353,LA CHAPEANA,2017-08-28,23,0.0,0.0,Solar
253079,353,LA CHAPEANA,2017-08-28,24,0.0,0.0,Solar
262392,353,LA CHAPEANA,2017-08-29,1,0.0,0.0,Solar
262393,353,LA CHAPEANA,2017-08-29,2,0.0,0.0,Solar
262394,353,LA CHAPEANA,2017-08-29,3,0.0,0.0,Solar
262395,353,LA CHAPEANA,2017-08-29,4,0.0,0.0,Solar
262396,353,LA CHAPEANA,2017-08-29,5,0.0,0.0,Solar
262397,353,LA CHAPEANA,2017-08-29,6,0.0,0.0,Solar
262398,353,LA CHAPEANA,2017-08-29,7,0.0,0.0,Solar
262399,353,LA CHAPEANA,2017-08-29,8,0.102,0.102,Solar
262400,353,LA CHAPEANA,2017-08-29,9,1.463,1.463,Solar
262401,353,LA CHAPEANA,2017-08-29,10,2.123,2.123,Solar
262402,353,LA CHAPEANA,2017-08-29,11,2.0104,2.0104,Solar
262403,353,LA CHAPEANA,2017-08-29,12,2.046,2.046,Solar
262404,353,LA CHAPEANA,2017-08-29,13,2.022,2.022,Solar
262405,353,LA CHAPEANA,2017-08-29,14,2.0269999999999997,2.0269999999999997,Solar
262406,353,LA CHAPEANA,2017-08-29,15,2.096,2.096,Solar
262407,353,LA CHAPEANA,2017-08-29,16,2.137,2.137,Solar
262408,353,LA CHAPEANA,2017-08-29,17,1.94,1.94,Solar
262409,353,LA CHAPEANA,2017-08-29,18,0.787,0.787,Solar
262410,353,LA CHAPEANA,2017-08-29,19,0.013999999999999999,0.013999999999999999,Solar
262411,353,LA CHAPEANA,2017-08-29,20,0.0,0.0,Solar
262412,353,LA CHAPEANA,2017-08-29,21,0.0,0.0,Solar
262413,353,LA CHAPEANA,2017-08-29,22,0.0,0.0,Solar
262414,353,LA CHAPEANA,2017-08-29,23,0.0,0.0,Solar
262415,353,LA CHAPEANA,2017-08-29,24,0.0,0.0,Solar
268968,353,LA CHAPEANA,2017-08-30,1,0.0,0.0,Solar
268969,353,LA CHAPEANA,2017-08-30,2,0.0,0.0,Solar
268970,353,LA CHAPEANA,2017-08-30,3,0.0,0.0,Solar
268971,353,LA CHAPEANA,2017-08-30,4,0.0,0.0,Solar
268972,353,LA CHAPEANA,2017-08-30,5,0.0,0.0,Solar
268973,353,LA CHAPEANA,2017-08-30,6,0.0,0.0,Solar
268974,353,LA CHAPEANA,2017-08-30,7,0.0,0.0,Solar
268975,353,LA CHAPEANA,2017-08-30,8,0.07,0.07,Solar
268976,353,LA CHAPEANA,2017-08-30,9,1.1320000000000001,1.1320000000000001,Solar
268977,353,LA CHAPEANA,2017-08-30,10,2.215,2.215,Solar
268978,353,LA CHAPEANA,2017-08-30,11,2.1430000000000002,2.1430000000000002,Solar
268979,353,LA CHAPEANA,2017-08-30,12,2.0089,2.0089,Solar
268980,353,LA CHAPEANA,2017-08-30,13,2.057,2.057,Solar
268981,353,LA CHAPEANA,2017-08-30,14,2.0540000000000003,2.0540000000000003,Solar
268982,353,LA CHAPEANA,2017-08-30,15,2.095,2.095,Solar
268983,353,LA CHAPEANA,2017-08-30,16,2.153,2.153,Solar
268984,353,LA CHAPEANA,2017-08-30,17,2.012,2.012,Solar
268985,353,LA CHAPEANA,2017-08-30,18,0.8859999999999999,0.8859999999999999,Solar
268986,353,LA CHAPEANA,2017-08-30,19,0.009000000000000001,0.009000000000000001,Solar
268987,353,LA CHAPEANA,2017-08-30,20,0.0,0.0,Solar
268988,353,LA CHAPEANA,2017-08-30,21,0.0,0.0,Solar
268989,353,LA CHAPEANA,2017-08-30,22,0.0,0.0,Solar
268990,353,LA CHAPEANA,2017-08-30,23,0.0,0.0,Solar
268991,353,LA CHAPEANA,2017-08-30,24,0.0,0.0,Solar
282888,353,LA CHAPEANA,2017-08-31,1,0.0,0.0,Solar
282889,353,LA CHAPEANA,2017-08-31,2,0.0,0.0,Solar
282890,353,LA CHAPEANA,2017-08-31,3,0.0,0.0,Solar
282891,353,LA CHAPEANA,2017-08-31,4,0.0,0.0,Solar
282892,353,LA CHAPEANA,2017-08-31,5,0.0,0.0,Solar
282893,353,LA CHAPEANA,2017-08-31,6,0.0,0.0,Solar
282894,353,LA CHAPEANA,2017-08-31,7,0.0,0.0,Solar
282895,353,LA CHAPEANA,2017-08-31,8,0.032,0.032,Solar
282896,353,LA CHAPEANA,2017-08-31,9,0.27699999999999997,0.27699999999999997,Solar
282897,353,LA CHAPEANA,2017-08-31,10,1.756,1.756,Solar
282898,353,LA CHAPEANA,2017-08-31,11,2.116,2.116,Solar
282899,353,LA CHAPEANA,2017-08-31,12,2.105,2.105,Solar
282900,353,LA CHAPEANA,2017-08-31,13,2.086,2.086,Solar
282901,353,LA CHAPEANA,2017-08-31,14,2.1069999999999998,2.1069999999999998,Solar
282902,353,LA CHAPEANA,2017-08-31,15,2.151,2.151,Solar
282903,353,LA CHAPEANA,2017-08-31,16,2.182,2.182,Solar
282904,353,LA CHAPEANA,2017-08-31,17,1.9880000000000002,1.9880000000000002,Solar
282905,353,LA CHAPEANA,2017-08-31,18,0.863,0.863,Solar
282906,353,LA CHAPEANA,2017-08-31,19,0.013000000000000001,0.013000000000000001,Solar
282907,353,LA CHAPEANA,2017-08-31,20,0.0,0.0,Solar
282908,353,LA CHAPEANA,2017-08-31,21,0.0,0.0,Solar
282909,353,LA CHAPEANA,2017-08-31,22,0.0,0.0,Solar
282910,353,LA CHAPEANA,2017-08-31,23,0.0,0.0,Solar
282911,353,LA CHAPEANA,2017-08-31,24,0.0,0.0,Solar
